# Made in Blockbench 4.7.4
mtllib small_human.mtl

o hips
v -0.25 0.6342296482585958 -0.10110630019063221
v -0.25 0.6342296482585958 0.14889369980936773
v -0.25 0.38422964825859585 -0.10110630019063221
v -0.25 0.38422964825859585 0.14889369980936773
v 0.25 0.6342296482585958 0.14889369980936773
v 0.25 0.6342296482585958 -0.10110630019063227
v 0.25 0.38422964825859585 0.14889369980936773
v 0.25 0.38422964825859585 -0.10110630019063227
vt 0.25 0.578125
vt 0.375 0.578125
vt 0.375 0.515625
vt 0.25 0.515625
vt 0.1875 0.578125
vt 0.25 0.578125
vt 0.25 0.515625
vt 0.1875 0.515625
vt 0.4375 0.578125
vt 0.5625 0.578125
vt 0.5625 0.515625
vt 0.4375 0.515625
vt 0.375 0.578125
vt 0.4375 0.578125
vt 0.4375 0.515625
vt 0.375 0.515625
vt 0.375 0.578125
vt 0.25 0.578125
vt 0.25 0.640625
vt 0.375 0.640625
vt 0.5 0.640625
vt 0.375 0.640625
vt 0.375 0.578125
vt 0.5 0.578125
vn 1.2246467991473532e-16 0 1
vn -1 0 1.2246467991473535e-16
vn -1.2246467991473532e-16 0 -1
vn 1 0 -1.2246467991473535e-16
vn 0 1 0
vn 0 -1 0
usemtl m_6463011e-92d2-5788-bfda-5e0f0fec4f4a
f 4/4/1 7/3/1 5/2/1 2/1/1
f 3/8/2 4/7/2 2/6/2 1/5/2
f 8/12/3 3/11/3 1/10/3 6/9/3
f 7/16/4 8/15/4 6/14/4 5/13/4
f 6/20/5 1/19/5 2/18/5 5/17/5
f 7/24/6 4/23/6 3/22/6 8/21/6
o belt
v -0.26875000000000004 0.6529796482585959 -0.1198563001906322
v -0.26875000000000004 0.6529796482585959 0.16764369980936777
v -0.26875000000000004 0.3654796482585958 -0.1198563001906322
v -0.26875000000000004 0.3654796482585958 0.16764369980936777
v 0.26875000000000004 0.6529796482585959 0.16764369980936777
v 0.26875000000000004 0.6529796482585959 -0.11985630019063226
v 0.26875000000000004 0.3654796482585958 0.16764369980936777
v 0.26875000000000004 0.3654796482585958 -0.11985630019063226
vt 0.6875 0.578125
vt 0.8125 0.578125
vt 0.8125 0.515625
vt 0.6875 0.515625
vt 0.625 0.578125
vt 0.6875 0.578125
vt 0.6875 0.515625
vt 0.625 0.515625
vt 0.875 0.578125
vt 1 0.578125
vt 1 0.515625
vt 0.875 0.515625
vt 0.8125 0.578125
vt 0.875 0.578125
vt 0.875 0.515625
vt 0.8125 0.515625
vt 0.8125 0.578125
vt 0.6875 0.578125
vt 0.6875 0.640625
vt 0.8125 0.640625
vt 0.9375 0.640625
vt 0.8125 0.640625
vt 0.8125 0.578125
vt 0.9375 0.578125
vn 1.2246467991473532e-16 0 1
vn -1 0 1.2246467991473535e-16
vn -1.2246467991473532e-16 0 -1
vn 1 0 -1.2246467991473535e-16
vn 0 1 0
vn 0 -1 0
usemtl m_6463011e-92d2-5788-bfda-5e0f0fec4f4a
f 12/28/7 15/27/7 13/26/7 10/25/7
f 11/32/8 12/31/8 10/30/8 9/29/8
f 16/36/9 11/35/9 9/34/9 14/33/9
f 15/40/10 16/39/10 14/38/10 13/37/10
f 14/44/11 9/43/11 10/42/11 13/41/11
f 15/48/12 12/47/12 11/46/12 16/45/12
o lower_leg
v 0.0625 0.3728062291945933 -0.11683687674817977
v 0.0625 0.38098486432559375 0.07048466479841853
v 0.0625 -0.00183685389860333 -0.10047960648617871
v 0.0625 0.006341781232397148 0.0868419350604196
v 0.25 0.38098486432559375 0.07048466479841853
v 0.25 0.3728062291945933 -0.11683687674817977
v 0.25 0.006341781232397148 0.0868419350604196
v 0.25 -0.00183685389860333 -0.10047960648617876
vt 0.421875 0.734375
vt 0.46875 0.734375
vt 0.46875 0.640625
vt 0.421875 0.640625
vt 0.375 0.734375
vt 0.421875 0.734375
vt 0.421875 0.640625
vt 0.375 0.640625
vt 0.515625 0.734375
vt 0.5625 0.734375
vt 0.5625 0.640625
vt 0.515625 0.640625
vt 0.46875 0.734375
vt 0.515625 0.734375
vt 0.515625 0.640625
vt 0.46875 0.640625
vt 0.46875 0.734375
vt 0.421875 0.734375
vt 0.421875 0.78125
vt 0.46875 0.78125
vt 0.515625 0.78125
vt 0.46875 0.78125
vt 0.46875 0.734375
vt 0.515625 0.734375
vn 1.223481206754078e-16 0.043619387365336014 0.9990482215818578
vn -1 0 1.2246467991473532e-16
vn -1.223481206754078e-16 -0.043619387365336014 -0.9990482215818578
vn 1 0 -1.2246467991473532e-16
vn -5.341834311772725e-18 0.9990482215818578 -0.043619387365336014
vn 5.341834311772725e-18 -0.9990482215818578 0.043619387365336014
usemtl m_6463011e-92d2-5788-bfda-5e0f0fec4f4a
f 20/52/13 23/51/13 21/50/13 18/49/13
f 19/56/14 20/55/14 18/54/14 17/53/14
f 24/60/15 19/59/15 17/58/15 22/57/15
f 23/64/16 24/63/16 22/62/16 21/61/16
f 22/68/17 17/67/17 18/66/17 21/65/17
f 23/72/18 20/71/18 19/70/18 24/69/18
o shoe
v 0.043749999999999956 0.3907205198361531 -0.1363868944159396
v 0.04375000000000007 0.40053488199335363 0.08839895543997844
v 0.043749999999999956 -0.021386871566363208 -0.11839389712773851
v 0.04375000000000007 -0.011572509409162601 0.10639195272817947
v 0.26875000000000004 0.40053488199335363 0.08839895543997833
v 0.26875000000000004 0.3907205198361531 -0.13638689441593965
v 0.26875000000000004 -0.011572509409162601 0.10639195272817947
v 0.26875000000000004 -0.021386871566363208 -0.11839389712773851
vt 0.859375 0.46875
vt 0.90625 0.46875
vt 0.90625 0.375
vt 0.859375 0.375
vt 0.8125 0.46875
vt 0.859375 0.46875
vt 0.859375 0.375
vt 0.8125 0.375
vt 0.953125 0.46875
vt 1 0.46875
vt 1 0.375
vt 0.953125 0.375
vt 0.90625 0.46875
vt 0.953125 0.46875
vt 0.953125 0.375
vt 0.90625 0.375
vt 0.90625 0.46875
vt 0.859375 0.46875
vt 0.859375 0.515625
vt 0.90625 0.515625
vt 0.953125 0.515625
vt 0.90625 0.515625
vt 0.90625 0.46875
vt 0.953125 0.46875
vn 1.223481206754078e-16 0.043619387365336014 0.9990482215818578
vn -1 0 1.2246467991473532e-16
vn -1.223481206754078e-16 -0.043619387365336014 -0.9990482215818578
vn 1 0 -1.2246467991473532e-16
vn -5.341834311772725e-18 0.9990482215818578 -0.043619387365336014
vn 5.341834311772725e-18 -0.9990482215818578 0.043619387365336014
usemtl m_6463011e-92d2-5788-bfda-5e0f0fec4f4a
f 28/76/19 31/75/19 29/74/19 26/73/19
f 27/80/20 28/79/20 26/78/20 25/77/20
f 32/84/21 27/83/21 25/82/21 30/81/21
f 31/88/22 32/87/22 30/86/22 29/85/22
f 30/92/23 25/91/23 26/90/23 29/89/23
f 31/96/24 28/95/24 27/94/24 32/93/24
o lower_leg
v -0.25 0.3728062291945933 -0.11683687674817966
v -0.25 0.38098486432559375 0.07048466479841864
v -0.25 -0.00183685389860333 -0.10047960648617871
v -0.25 0.006341781232397148 0.0868419350604196
v -0.0625 0.38098486432559375 0.07048466479841864
v -0.0625 0.3728062291945933 -0.11683687674817972
v -0.0625 0.006341781232397148 0.0868419350604196
v -0.0625 -0.00183685389860333 -0.10047960648617871
vt 0.46875 0.875
vt 0.421875 0.875
vt 0.421875 0.78125
vt 0.46875 0.78125
vt 0.515625 0.875
vt 0.46875 0.875
vt 0.46875 0.78125
vt 0.515625 0.78125
vt 0.5625 0.875
vt 0.515625 0.875
vt 0.515625 0.78125
vt 0.5625 0.78125
vt 0.421875 0.875
vt 0.375 0.875
vt 0.375 0.78125
vt 0.421875 0.78125
vt 0.421875 0.875
vt 0.46875 0.875
vt 0.46875 0.921875
vt 0.421875 0.921875
vt 0.46875 0.921875
vt 0.515625 0.921875
vt 0.515625 0.875
vt 0.46875 0.875
vn 1.223481206754078e-16 0.043619387365336014 0.9990482215818578
vn -1 0 1.2246467991473532e-16
vn -1.223481206754078e-16 -0.043619387365336014 -0.9990482215818578
vn 1 0 -1.2246467991473532e-16
vn -5.341834311772725e-18 0.9990482215818578 -0.043619387365336014
vn 5.341834311772725e-18 -0.9990482215818578 0.043619387365336014
usemtl m_6463011e-92d2-5788-bfda-5e0f0fec4f4a
f 36/100/25 39/99/25 37/98/25 34/97/25
f 35/104/26 36/103/26 34/102/26 33/101/26
f 40/108/27 35/107/27 33/106/27 38/105/27
f 39/112/28 40/111/28 38/110/28 37/109/28
f 38/116/29 33/115/29 34/114/29 37/113/29
f 39/120/30 36/119/30 35/118/30 40/117/30
o shoe
v -0.26875 0.3907205198361531 -0.13638689441593954
v -0.26875 0.40053488199335363 0.08839895543997844
v -0.26875 -0.021386871566363208 -0.11839389712773846
v -0.26875 -0.011572509409162601 0.10639195272817947
v -0.04375000000000001 0.40053488199335363 0.08839895543997844
v -0.04375000000000001 0.3907205198361531 -0.1363868944159396
v -0.04375000000000001 -0.011572509409162601 0.10639195272817947
v -0.04375000000000001 -0.021386871566363208 -0.11839389712773851
vt 0.90625 0.328125
vt 0.859375 0.328125
vt 0.859375 0.234375
vt 0.90625 0.234375
vt 0.953125 0.328125
vt 0.90625 0.328125
vt 0.90625 0.234375
vt 0.953125 0.234375
vt 1 0.328125
vt 0.953125 0.328125
vt 0.953125 0.234375
vt 1 0.234375
vt 0.859375 0.328125
vt 0.8125 0.328125
vt 0.8125 0.234375
vt 0.859375 0.234375
vt 0.859375 0.328125
vt 0.90625 0.328125
vt 0.90625 0.375
vt 0.859375 0.375
vt 0.90625 0.375
vt 0.953125 0.375
vt 0.953125 0.328125
vt 0.90625 0.328125
vn 1.223481206754078e-16 0.043619387365336014 0.9990482215818578
vn -1 0 1.2246467991473532e-16
vn -1.223481206754078e-16 -0.043619387365336014 -0.9990482215818578
vn 1 0 -1.2246467991473532e-16
vn -5.341834311772725e-18 0.9990482215818578 -0.043619387365336014
vn 5.341834311772725e-18 -0.9990482215818578 0.043619387365336014
usemtl m_6463011e-92d2-5788-bfda-5e0f0fec4f4a
f 44/124/31 47/123/31 45/122/31 42/121/31
f 43/128/32 44/127/32 42/126/32 41/125/32
f 48/132/33 43/131/33 41/130/33 46/129/33
f 47/136/34 48/135/34 46/134/34 45/133/34
f 46/140/35 41/139/35 42/138/35 45/137/35
f 47/144/36 44/143/36 43/142/36 48/141/36
o chest
v -0.25 0.9836582982348141 -0.12428650589220225
v -0.25 1.0054472339217286 0.12476216863073408
v -0.25 0.6100852864504094 -0.09160310236183045
v -0.25 0.6318742221373239 0.15744557216110588
v 0.25 1.0054472339217286 0.12476216863073408
v 0.25 0.9836582982348141 -0.12428650589220236
v 0.25 0.6318742221373239 0.15744557216110588
v 0.25 0.6100852864504094 -0.09160310236183056
vt 0.0625 0.734375
vt 0.1875 0.734375
vt 0.1875 0.640625
vt 0.0625 0.640625
vt 0 0.734375
vt 0.0625 0.734375
vt 0.0625 0.640625
vt 0 0.640625
vt 0.25 0.734375
vt 0.375 0.734375
vt 0.375 0.640625
vt 0.25 0.640625
vt 0.1875 0.734375
vt 0.25 0.734375
vt 0.25 0.640625
vt 0.1875 0.640625
vt 0.1875 0.734375
vt 0.0625 0.734375
vt 0.0625 0.796875
vt 0.1875 0.796875
vt 0.3125 0.796875
vt 0.1875 0.796875
vt 0.1875 0.734375
vt 0.3125 0.734375
vn 1.2199866483456202e-16 0.08715574274765818 0.9961946980917455
vn -1 0 1.2246467991473535e-16
vn -1.2199866483456202e-16 -0.08715574274765818 -0.9961946980917455
vn 1 0 -1.2246467991473535e-16
vn -1.0673500138322974e-17 0.9961946980917455 -0.08715574274765818
vn 1.0673500138322974e-17 -0.9961946980917455 0.08715574274765818
usemtl m_6463011e-92d2-5788-bfda-5e0f0fec4f4a
f 52/148/37 55/147/37 53/146/37 50/145/37
f 51/152/38 52/151/38 50/150/38 49/149/38
f 56/156/39 51/155/39 49/154/39 54/153/39
f 55/160/40 56/159/40 54/158/40 53/157/40
f 54/164/41 49/163/41 50/162/41 53/161/41
f 55/168/42 52/167/42 51/166/42 56/165/42
o shirt
v -0.26875000000000004 1.0007027786475158 -0.14459932665794106
v -0.26875000000000004 1.0257600546874674 0.14180664904343576
v -0.26875000000000004 0.5897724656846706 -0.10864758277453207
v -0.26875000000000004 0.6148297417246225 0.1777583929268447
v 0.26875000000000004 1.0257600546874674 0.14180664904343565
v 0.26875000000000004 1.0007027786475158 -0.14459932665794117
v 0.26875000000000004 0.6148297417246225 0.1777583929268447
v 0.26875000000000004 0.5897724656846706 -0.10864758277453213
vt 0.6875 0.734375
vt 0.8125 0.734375
vt 0.8125 0.640625
vt 0.6875 0.640625
vt 0.625 0.734375
vt 0.6875 0.734375
vt 0.6875 0.640625
vt 0.625 0.640625
vt 0.875 0.734375
vt 1 0.734375
vt 1 0.640625
vt 0.875 0.640625
vt 0.8125 0.734375
vt 0.875 0.734375
vt 0.875 0.640625
vt 0.8125 0.640625
vt 0.8125 0.734375
vt 0.6875 0.734375
vt 0.6875 0.796875
vt 0.8125 0.796875
vt 0.9375 0.796875
vt 0.8125 0.796875
vt 0.8125 0.734375
vt 0.9375 0.734375
vn 1.2199866483456202e-16 0.08715574274765818 0.9961946980917455
vn -1 0 1.2246467991473535e-16
vn -1.2199866483456202e-16 -0.08715574274765818 -0.9961946980917455
vn 1 0 -1.2246467991473535e-16
vn -1.0673500138322974e-17 0.9961946980917455 -0.08715574274765818
vn 1.0673500138322974e-17 -0.9961946980917455 0.08715574274765818
usemtl m_6463011e-92d2-5788-bfda-5e0f0fec4f4a
f 60/172/43 63/171/43 61/170/43 58/169/43
f 59/176/44 60/175/44 58/174/44 57/173/44
f 64/180/45 59/179/45 57/178/45 62/177/45
f 63/184/46 64/183/46 62/182/46 61/181/46
f 62/188/47 57/187/47 58/186/47 61/185/47
f 63/192/48 60/191/48 59/190/48 64/189/48
o cape
v -0.5 1 0.15625000000000006
v -0.49999999999999994 0.04628304925177307 0.4569557995042733
v 0.5 1 0.15624999999999994
v 0.5 0.04628304925177307 0.4569557995042732
vt 0.25 0.046875
vt 0.25 0.296875
vt 0 0.296875
vt 0 0.046875
vn 1.16796641102639e-16 0.30070579950427323 0.9537169507482269
usemtl m_6463011e-92d2-5788-bfda-5e0f0fec4f4a
f 65/193/49 66/194/49 68/195/49 67/196/49
o upper_arm
v 0.22913496854677473 0.9791785741897403 0.1249999996512492
v 0.41024606097597505 1.0277071451464628 0.12500000242131415
v 0.2938397298224049 0.7376971176174731 0.12500000013749712
v 0.47495082225160523 0.7862256885741958 0.12500000290756208
v 0.41024606374604 1.0277071455111488 -0.06249999757868602
v 0.2291349713168397 0.9791785745544261 -0.06250000034875097
v 0.4749508250216702 0.7862256889388819 -0.06249999709243803
v 0.29383973259247 0.737697117982159 -0.062499999862502986
vt 0.609375 0.46875
vt 0.65625 0.46875
vt 0.65625 0.40625
vt 0.609375 0.40625
vt 0.5625 0.46875
vt 0.609375 0.46875
vt 0.609375 0.40625
vt 0.5625 0.40625
vt 0.703125 0.46875
vt 0.75 0.46875
vt 0.75 0.40625
vt 0.703125 0.40625
vt 0.65625 0.46875
vt 0.703125 0.46875
vt 0.703125 0.40625
vt 0.65625 0.40625
vt 0.65625 0.46875
vt 0.609375 0.46875
vt 0.609375 0.515625
vt 0.65625 0.515625
vt 0.703125 0.515625
vt 0.65625 0.515625
vt 0.65625 0.46875
vt 0.703125 0.46875
vn 0.9659258262890681 0.25881904510252085 1.477367982381009e-8
vn -1.4773679791823398e-8 -1.944991859272772e-9 1
vn -0.9659258262890681 -0.25881904510252085 -1.477367982381009e-8
vn 1.4773679791823398e-8 1.944991859272772e-9 -1
vn -0.2588190451025209 0.9659258262890683 -1.9449918465598072e-9
vn 0.2588190451025209 -0.9659258262890683 1.9449918465598072e-9
usemtl m_6463011e-92d2-5788-bfda-5e0f0fec4f4a
f 72/200/50 75/199/50 73/198/50 70/197/50
f 71/204/51 72/203/51 70/202/51 69/201/51
f 76/208/52 71/207/52 69/206/52 74/205/52
f 75/212/53 76/211/53 74/210/53 73/209/53
f 74/216/54 69/215/54 70/214/54 73/213/54
f 75/220/55 72/219/55 71/218/55 76/217/55
o sleeve
v 0.20013396551686924 0.9908192072686286 0.14374999924543852
v 0.4174672764319096 1.0490534924166957 0.14375000256951653
v 0.274544440983844 0.7131155322105216 0.14374999980462377
v 0.4918777518988844 0.7713498173585887 0.14375000312870168
v 0.4174672797559875 1.049053492854319 -0.08124999743048361
v 0.20013396884094725 0.9908192077062516 -0.08125000075456157
v 0.4918777552229623 0.7713498177962119 -0.08124999687129841
v 0.2745444443079219 0.7131155326481449 -0.08125000019537643
vt 0.609375 0.359375
vt 0.65625 0.359375
vt 0.65625 0.296875
vt 0.609375 0.296875
vt 0.5625 0.359375
vt 0.609375 0.359375
vt 0.609375 0.296875
vt 0.5625 0.296875
vt 0.703125 0.359375
vt 0.75 0.359375
vt 0.75 0.296875
vt 0.703125 0.296875
vt 0.65625 0.359375
vt 0.703125 0.359375
vt 0.703125 0.296875
vt 0.65625 0.296875
vt 0.65625 0.359375
vt 0.609375 0.359375
vt 0.609375 0.40625
vt 0.65625 0.40625
vt 0.703125 0.40625
vt 0.65625 0.40625
vt 0.65625 0.359375
vt 0.703125 0.359375
vn 0.9659258262890681 0.25881904510252085 1.477367982381009e-8
vn -1.4773679791823398e-8 -1.944991859272772e-9 1
vn -0.9659258262890681 -0.25881904510252085 -1.477367982381009e-8
vn 1.4773679791823398e-8 1.944991859272772e-9 -1
vn -0.2588190451025209 0.9659258262890683 -1.9449918465598072e-9
vn 0.2588190451025209 -0.9659258262890683 1.9449918465598072e-9
usemtl m_6463011e-92d2-5788-bfda-5e0f0fec4f4a
f 80/224/56 83/223/56 81/222/56 78/221/56
f 79/228/57 80/227/57 78/226/57 77/225/57
f 84/232/58 79/231/58 77/230/58 82/229/58
f 83/236/59 84/235/59 82/234/59 81/233/59
f 82/240/60 77/239/60 78/238/60 81/237/60
f 83/244/61 80/243/61 79/242/61 84/241/61
o upper_arm
v 0.2908108236595143 0.7525532391742256 0.12500000012164403
v 0.4775973295517165 0.7688949409394115 0.12500000291295255
v 0.3125997593464288 0.5035045646512892 0.12499999995914923
v 0.49938626523863106 0.5198462664164751 0.12500000275045764
v 0.4775973323217815 0.7688949413040975 -0.062499997087047565
v 0.29081082642957923 0.7525532395389116 -0.06249999987835608
v 0.499386268008696 0.519846266781161 -0.06249999724954247
v 0.31259976211649376 0.5035045650159753 -0.06250000004085093
vt 0.421875 0.46875
vt 0.46875 0.46875
vt 0.46875 0.40625
vt 0.421875 0.40625
vt 0.375 0.46875
vt 0.421875 0.46875
vt 0.421875 0.40625
vt 0.375 0.40625
vt 0.515625 0.46875
vt 0.5625 0.46875
vt 0.5625 0.40625
vt 0.515625 0.40625
vt 0.46875 0.46875
vt 0.515625 0.46875
vt 0.515625 0.40625
vt 0.46875 0.40625
vt 0.46875 0.46875
vt 0.421875 0.46875
vt 0.421875 0.515625
vt 0.46875 0.515625
vt 0.515625 0.515625
vt 0.46875 0.515625
vt 0.46875 0.46875
vt 0.515625 0.46875
vn 0.9961946980917455 0.08715574274765825 1.4886978720740362e-8
vn -1.4773679791823398e-8 -1.9449918592727717e-9 1
vn -0.9961946980917455 -0.08715574274765825 -1.4886978720740362e-8
vn 1.4773679791823398e-8 1.9449918592727717e-9 -1
vn -0.08715574274765829 0.9961946980917455 6.499795288016909e-10
vn 0.08715574274765829 -0.9961946980917455 -6.499795288016909e-10
usemtl m_6463011e-92d2-5788-bfda-5e0f0fec4f4a
f 88/248/62 91/247/62 89/246/62 86/245/62
f 87/252/63 88/251/63 86/250/63 85/249/63
f 92/256/64 87/255/64 85/254/64 90/253/64
f 91/260/65 92/259/65 90/258/65 89/257/65
f 90/264/66 85/263/66 86/262/66 89/261/66
f 91/268/67 88/267/67 87/266/67 92/265/67
o sleeve
v 0.27049800261676904 0.7695977195504584 0.14374999985470038
v 0.49464180968741167 0.7892077616686817 0.14375000320427056
v 0.2955552786567208 0.4831917438490818 0.1437499996678312
v 0.5196990857273633 0.5028017859673048 0.14375000301740148
v 0.4946418130114896 0.7892077621063049 -0.08124999679572958
v 0.27049800594084694 0.7695977199880817 -0.08125000014529982
v 0.5196990890514415 0.5028017864049281 -0.08124999698259872
v 0.2955552819807987 0.48319174428670497 -0.08125000033216889
vt 0.421875 0.359375
vt 0.46875 0.359375
vt 0.46875 0.296875
vt 0.421875 0.296875
vt 0.375 0.359375
vt 0.421875 0.359375
vt 0.421875 0.296875
vt 0.375 0.296875
vt 0.515625 0.359375
vt 0.5625 0.359375
vt 0.5625 0.296875
vt 0.515625 0.296875
vt 0.46875 0.359375
vt 0.515625 0.359375
vt 0.515625 0.296875
vt 0.46875 0.296875
vt 0.46875 0.359375
vt 0.421875 0.359375
vt 0.421875 0.40625
vt 0.46875 0.40625
vt 0.515625 0.40625
vt 0.46875 0.40625
vt 0.46875 0.359375
vt 0.515625 0.359375
vn 0.9961946980917455 0.08715574274765825 1.4886978720740362e-8
vn -1.4773679791823398e-8 -1.9449918592727717e-9 1
vn -0.9961946980917455 -0.08715574274765825 -1.4886978720740362e-8
vn 1.4773679791823398e-8 1.9449918592727717e-9 -1
vn -0.08715574274765829 0.9961946980917455 6.499795288016909e-10
vn 0.08715574274765829 -0.9961946980917455 -6.499795288016909e-10
usemtl m_6463011e-92d2-5788-bfda-5e0f0fec4f4a
f 96/272/68 99/271/68 97/270/68 94/269/68
f 95/276/69 96/275/69 94/274/69 93/273/69
f 100/280/70 95/279/70 93/278/70 98/277/70
f 99/284/71 100/283/71 98/282/71 97/281/71
f 98/288/72 93/287/72 94/286/72 97/285/72
f 99/292/73 96/291/73 95/290/73 100/289/73
o upper_arm
v -0.22913497131683974 0.9791785745544261 -0.06250000034875092
v -0.41024606374604006 1.0277071455111488 -0.062499997578685906
v -0.29383973259247 0.737697117982159 -0.062499999862502986
v -0.47495082502167024 0.7862256889388819 -0.06249999709243792
v -0.41024606097597505 1.0277071451464628 0.12500000242131426
v -0.22913496854677473 0.9791785741897403 0.1249999996512492
v -0.47495082225160523 0.7862256885741958 0.1250000029075622
v -0.2938397298224049 0.7376971176174731 0.12500000013749712
vt 0.28125 0.46875
vt 0.234375 0.46875
vt 0.234375 0.40625
vt 0.28125 0.40625
vt 0.328125 0.46875
vt 0.28125 0.46875
vt 0.28125 0.40625
vt 0.328125 0.40625
vt 0.375 0.46875
vt 0.328125 0.46875
vt 0.328125 0.40625
vt 0.375 0.40625
vt 0.234375 0.46875
vt 0.1875 0.46875
vt 0.1875 0.40625
vt 0.234375 0.40625
vt 0.234375 0.46875
vt 0.28125 0.46875
vt 0.28125 0.515625
vt 0.234375 0.515625
vt 0.28125 0.515625
vt 0.328125 0.515625
vt 0.328125 0.46875
vt 0.28125 0.46875
vn -0.9659258262890681 0.25881904510252085 1.4773680060393687e-8
vn -1.477368003675276e-8 1.9449918592727725e-9 -1
vn 0.9659258262890681 -0.25881904510252085 -1.4773680060393687e-8
vn 1.477368003675276e-8 -1.9449918592727725e-9 1
vn 0.2588190451025209 0.9659258262890683 -1.9449919099521906e-9
vn -0.2588190451025209 -0.9659258262890683 1.9449919099521906e-9
usemtl m_6463011e-92d2-5788-bfda-5e0f0fec4f4a
f 104/296/74 107/295/74 105/294/74 102/293/74
f 103/300/75 104/299/75 102/298/75 101/297/75
f 108/304/76 103/303/76 101/302/76 106/301/76
f 107/308/77 108/307/77 106/306/77 105/305/77
f 106/312/78 101/311/78 102/310/78 105/309/78
f 107/316/79 104/315/79 103/314/79 108/313/79
o sleeve
v -0.2001339688409473 0.9908192077062516 -0.08125000075456151
v -0.41746727975598763 1.049053492854319 -0.0812499974304835
v -0.274544444307922 0.7131155326481449 -0.08125000019537632
v -0.49187775522296234 0.7713498177962119 -0.0812499968712983
v -0.4174672764319096 1.0490534924166957 0.14375000256951664
v -0.2001339655168693 0.9908192072686286 0.14374999924543863
v -0.49187775189888433 0.7713498173585887 0.1437500031287018
v -0.274544440983844 0.7131155322105216 0.14374999980462377
vt 0.28125 0.359375
vt 0.234375 0.359375
vt 0.234375 0.296875
vt 0.28125 0.296875
vt 0.328125 0.359375
vt 0.28125 0.359375
vt 0.28125 0.296875
vt 0.328125 0.296875
vt 0.375 0.359375
vt 0.328125 0.359375
vt 0.328125 0.296875
vt 0.375 0.296875
vt 0.234375 0.359375
vt 0.1875 0.359375
vt 0.1875 0.296875
vt 0.234375 0.296875
vt 0.234375 0.359375
vt 0.28125 0.359375
vt 0.28125 0.40625
vt 0.234375 0.40625
vt 0.28125 0.40625
vt 0.328125 0.40625
vt 0.328125 0.359375
vt 0.28125 0.359375
vn -0.9659258262890681 0.25881904510252085 1.4773680060393687e-8
vn -1.477368003675276e-8 1.9449918592727725e-9 -1
vn 0.9659258262890681 -0.25881904510252085 -1.4773680060393687e-8
vn 1.477368003675276e-8 -1.9449918592727725e-9 1
vn 0.2588190451025209 0.9659258262890683 -1.9449919099521906e-9
vn -0.2588190451025209 -0.9659258262890683 1.9449919099521906e-9
usemtl m_6463011e-92d2-5788-bfda-5e0f0fec4f4a
f 112/320/80 115/319/80 113/318/80 110/317/80
f 111/324/81 112/323/81 110/322/81 109/321/81
f 116/328/82 111/327/82 109/326/82 114/325/82
f 115/332/83 116/331/83 114/330/83 113/329/83
f 114/336/84 109/335/84 110/334/84 113/333/84
f 115/340/85 112/339/85 111/338/85 116/337/85
o upper_arm
v -0.29081082642957923 0.7525532395389116 -0.06249999987835597
v -0.4775973323217815 0.7688949413040975 -0.062499997087047454
v -0.31259976211649376 0.5035045650159753 -0.06250000004085088
v -0.49938626800869607 0.519846266781161 -0.06249999724954236
v -0.47759732955171647 0.7688949409394115 0.12500000291295266
v -0.2908108236595142 0.7525532391742256 0.12500000012164414
v -0.49938626523863106 0.5198462664164751 0.12500000275045786
v -0.3125997593464288 0.5035045646512892 0.12499999995914923
vt 0.09375 0.46875
vt 0.046875 0.46875
vt 0.046875 0.40625
vt 0.09375 0.40625
vt 0.140625 0.46875
vt 0.09375 0.46875
vt 0.09375 0.40625
vt 0.140625 0.40625
vt 0.1875 0.46875
vt 0.140625 0.46875
vt 0.140625 0.40625
vt 0.1875 0.40625
vt 0.046875 0.46875
vt 0 0.46875
vt 0 0.40625
vt 0.046875 0.40625
vt 0.046875 0.46875
vt 0.09375 0.46875
vt 0.09375 0.515625
vt 0.046875 0.515625
vt 0.09375 0.515625
vt 0.140625 0.515625
vt 0.140625 0.46875
vt 0.09375 0.46875
vn -0.9961946980917455 0.08715574274765825 1.4886978964737692e-8
vn -1.477368003675276e-8 1.944991859272771e-9 -1
vn 0.9961946980917455 -0.08715574274765825 -1.4886978964737692e-8
vn 1.477368003675276e-8 -1.944991859272771e-9 1
vn 0.08715574274765829 0.9961946980917455 6.499795074546907e-10
vn -0.08715574274765829 -0.9961946980917455 -6.499795074546907e-10
usemtl m_6463011e-92d2-5788-bfda-5e0f0fec4f4a
f 120/344/86 123/343/86 121/342/86 118/341/86
f 119/348/87 120/347/87 118/346/87 117/345/87
f 124/352/88 119/351/88 117/350/88 122/349/88
f 123/356/89 124/355/89 122/354/89 121/353/89
f 122/360/90 117/359/90 118/358/90 121/357/90
f 123/364/91 120/363/91 119/362/91 124/361/91
o sleeve
v -0.27049800594084694 0.7695977199880817 -0.0812500001452997
v -0.49464181301148963 0.7892077621063049 -0.08124999679572947
v -0.29555528198079867 0.48319174428670497 -0.08125000033216884
v -0.5196990890514414 0.5028017864049281 -0.0812499969825986
v -0.49464180968741156 0.7892077616686817 0.14375000320427067
v -0.27049800261676893 0.7695977195504584 0.14374999985470038
v -0.5196990857273633 0.5028017859673048 0.1437500030174016
v -0.29555527865672065 0.4831917438490818 0.1437499996678313
vt 0.09375 0.359375
vt 0.046875 0.359375
vt 0.046875 0.296875
vt 0.09375 0.296875
vt 0.140625 0.359375
vt 0.09375 0.359375
vt 0.09375 0.296875
vt 0.140625 0.296875
vt 0.1875 0.359375
vt 0.140625 0.359375
vt 0.140625 0.296875
vt 0.1875 0.296875
vt 0.046875 0.359375
vt 0 0.359375
vt 0 0.296875
vt 0.046875 0.296875
vt 0.046875 0.359375
vt 0.09375 0.359375
vt 0.09375 0.40625
vt 0.046875 0.40625
vt 0.09375 0.40625
vt 0.140625 0.40625
vt 0.140625 0.359375
vt 0.09375 0.359375
vn -0.9961946980917455 0.08715574274765825 1.4886978964737692e-8
vn -1.477368003675276e-8 1.944991859272771e-9 -1
vn 0.9961946980917455 -0.08715574274765825 -1.4886978964737692e-8
vn 1.477368003675276e-8 -1.944991859272771e-9 1
vn 0.08715574274765829 0.9961946980917455 6.499795074546907e-10
vn -0.08715574274765829 -0.9961946980917455 -6.499795074546907e-10
usemtl m_6463011e-92d2-5788-bfda-5e0f0fec4f4a
f 128/368/92 131/367/92 129/366/92 126/365/92
f 127/372/93 128/371/93 126/370/93 125/369/93
f 132/376/94 127/375/94 125/374/94 130/373/94
f 131/380/95 132/379/95 130/378/95 129/377/95
f 130/384/96 125/383/96 126/382/96 129/381/96
f 131/388/97 128/387/97 127/386/97 132/385/97
o skull
v -0.1875 1.4375 -0.1875
v -0.1875 1.4375 0.1875
v -0.1875 1 -0.1875
v -0.1875 1 0.1875
v 0.1875 1.4375 0.1875
v 0.1875 1.4375 -0.1875
v 0.1875 1 0.1875
v 0.1875 1 -0.1875
vt 0.09375 0.90625
vt 0.1875 0.90625
vt 0.1875 0.796875
vt 0.09375 0.796875
vt 0 0.90625
vt 0.09375 0.90625
vt 0.09375 0.796875
vt 0 0.796875
vt 0.28125 0.90625
vt 0.375 0.90625
vt 0.375 0.796875
vt 0.28125 0.796875
vt 0.1875 0.90625
vt 0.28125 0.90625
vt 0.28125 0.796875
vt 0.1875 0.796875
vt 0.1875 0.90625
vt 0.09375 0.90625
vt 0.09375 1
vt 0.1875 1
vt 0.28125 1
vt 0.1875 1
vt 0.1875 0.90625
vt 0.28125 0.90625
vn 1.2246467991473532e-16 0 1
vn -1 0 1.2246467991473532e-16
vn -1.2246467991473532e-16 0 -1
vn 1 0 -1.2246467991473532e-16
vn 0 1 0
vn 0 -1 0
usemtl m_6463011e-92d2-5788-bfda-5e0f0fec4f4a
f 136/392/98 139/391/98 137/390/98 134/389/98
f 135/396/99 136/395/99 134/394/99 133/393/99
f 140/400/100 135/399/100 133/398/100 138/397/100
f 139/404/101 140/403/101 138/402/101 137/401/101
f 138/408/102 133/407/102 134/406/102 137/405/102
f 139/412/103 136/411/103 135/410/103 140/409/103
o hair
v -0.20625000000000004 1.45625 -0.20624999999999993
v -0.20624999999999993 1.45625 0.20625000000000004
v -0.20625000000000004 0.98125 -0.20624999999999993
v -0.20624999999999993 0.98125 0.20625000000000004
v 0.21250000000000002 1.45625 0.20624999999999993
v 0.2124999999999999 1.45625 -0.20625000000000004
v 0.21250000000000002 0.98125 0.20624999999999993
v 0.2124999999999999 0.98125 -0.20625000000000004
vt 0.71875 0.90625
vt 0.8125 0.90625
vt 0.8125 0.796875
vt 0.71875 0.796875
vt 0.625 0.90625
vt 0.71875 0.90625
vt 0.71875 0.796875
vt 0.625 0.796875
vt 0.90625 0.90625
vt 1 0.90625
vt 1 0.796875
vt 0.90625 0.796875
vt 0.8125 0.90625
vt 0.90625 0.90625
vt 0.90625 0.796875
vt 0.8125 0.796875
vt 0.8125 0.90625
vt 0.71875 0.90625
vt 0.71875 1
vt 0.8125 1
vt 0.90625 1
vt 0.8125 1
vt 0.8125 0.90625
vt 0.90625 0.90625
vn 1.2246467991473532e-16 0 1
vn -1 0 1.2246467991473532e-16
vn -1.2246467991473532e-16 0 -1
vn 1 0 -1.2246467991473532e-16
vn 0 1 0
vn 0 -1 0
usemtl m_6463011e-92d2-5788-bfda-5e0f0fec4f4a
f 144/416/104 147/415/104 145/414/104 142/413/104
f 143/420/105 144/419/105 142/418/105 141/417/105
f 148/424/106 143/423/106 141/422/106 146/421/106
f 147/428/107 148/427/107 146/426/107 145/425/107
f 146/432/108 141/431/108 142/430/108 145/429/108
f 147/436/109 144/435/109 143/434/109 148/433/109